---  ----  ----  ----  ----  ----  ----  ----  ----  ---
(0)  (25)  (24)  (23)  (22)  [13]  [12]  [11]  [10]  [9]
(1)  (26)  (43)  (42)  (21)  [14]  [35]  [34]  [33]  [8]
(2)  (27)  (44)  (41)  (20)  [15]  [36]  [49]  [32]  [7]
(3)  (28)  (45)  (40)  (19)  [16]  [37]  [48]  [31]  [6]
(4)  (29)  (46)  (39)  (18)  [17]  [38]  [47]  [30]  [5]
(5)  (30)  (47)  (38)  (17)  [18]  [39]  [46]  [29]  [4]
(6)  (31)  (48)  (37)  (16)  [19]  [40]  [45]  [28]  [3]
(7)  (32)  (49)  (36)  (15)  [20]  [41]  [44]  [27]  [2]
(8)  (33)  (34)  (35)  (14)  [21]  [42]  [43]  [26]  [1]
(9)  (10)  (11)  (12)  (13)  [22]  [23]  [24]  [25]  [0]
---  ----  ----  ----  ----  ----  ----  ----  ----  ---