---  ----  ----  ----  ----  ----  ----  ----  ----  ---
(0)  [17]  [16]  [15]  [14]  [13]  [12]  [11]  [10]  [9]
(1)  [18]  (31)  (30)  (29)  (28)  (27)  (26)  (25)  [8]
(2)  [19]  (32)  [41]  [40]  [39]  [38]  [37]  (24)  [7]
(3)  [20]  (33)  [42]  (47)  (46)  (45)  [36]  (23)  [6]
(4)  [21]  (34)  [43]  (48)  [49]  (44)  [35]  (22)  [5]
(5)  [22]  (35)  [44]  (49)  [48]  (43)  [34]  (21)  [4]
(6)  [23]  (36)  [45]  [46]  [47]  (42)  [33]  (20)  [3]
(7)  [24]  (37)  (38)  (39)  (40)  (41)  [32]  (19)  [2]
(8)  [25]  [26]  [27]  [28]  [29]  [30]  [31]  (18)  [1]
(9)  (10)  (11)  (12)  (13)  (14)  (15)  (16)  (17)  [0]
---  ----  ----  ----  ----  ----  ----  ----  ----  ---